return [[
[{"Material":"MetalBlock","Color":[0.749019622802734375,0.592156887054443359375,0.4823529422283172607421875],"Invisible":2,"Position":[-32.2519073486328125,201.23101806640625,23.15447235107421875,1,0,0,0,1,0,0,0,1],"Size":[2.52831554412841796875,6.9348087310791015625,59.957195281982421875]},{"Position":[-56.27091217041015625,105.6609344482421875,48.79882049560546875,0,0,1,0,-1,0,1,0,0],"Material":"MetalBlock","Color":[0.749019622802734375,0.592156887054443359375,0.4823529422283172607421875],"Size":[1.444751739501953125,7.368234157562255859375,2.88950347900390625]},{"Position":[-24.460540771484375,269.118133544921875,13.15196990966796875,0.70636594295501708984375,-0.0887453854084014892578125,0.7022616863250732421875,1.51692347571952268481254577637e-05,-0.992107689380645751953125,-0.12538874149322509765625,0.7078468799591064453125,0.0885809957981109619140625,-0.70078980922698974609375],"Material":"MetalBlock","Color":[0.749019622802734375,0.592156887054443359375,0.4823529422283172607421875],"Size":[1.444751739501953125,23.4049777984619140625,1.444751739501953125]},{"Position":[41.679595947265625,76.8410491943359375,-41.48923492431640625,-0.636753618717193603515625,-0.56114161014556884765625,-0.52883350849151611328125,1.70761268236674368381500244141e-05,0.685835778713226318359375,-0.727756202220916748046875,0.771067321300506591796875,-0.463410437107086181640625,-0.4366988837718963623046875],"Material":"MetalBlock","Color":[0.749019622802734375,0.592156887054443359375,0.4823529422283172607421875],"Size":[9.02969837188720703125,5.201106548309326171875,3.25069141387939453125]},{"Position":[58.9652099609375,55.666370391845703125,89.83419036865234375,0.571446120738983154296875,0.688490092754364013671875,0.446576595306396484375,0.62718164920806884765625,-0.015457893721759319305419921875,-0.77871954441070556640625,-0.529237568378448486328125,0.725080966949462890625,-0.44064176082611083984375],"Material":"MetalBlock","Color":[0.749019622802734375,0.592156887054443359375,0.4823529422283172607421875],"Size":[0.7223758697509765625,0.577900707721710205078125,12.94497585296630859375]},{"Position":[58.7276611328125,55.666339874267578125,89.62981414794921875,0.52925932407379150390625,-0.7250778675079345703125,0.44062077999114990234375,0.627169072628021240234375,-0.015432198531925678253173828125,-0.77873027324676513671875,0.5714397430419921875,0.688494026660919189453125,0.4465787410736083984375],"Material":"MetalBlock","Color":[0.749019622802734375,0.592156887054443359375,0.4823529422283172607421875],"Size":[0.7223758697509765625,0.577900707721710205078125,12.94497585296630859375]},{"Position":[58.727691650390625,55.666339874267578125,94.68642425537109375,0.52925932407379150390625,-0.7250778675079345703125,0.44062077999114990234375,0.627169072628021240234375,-0.015432198531925678253173828125,-0.77873027324676513671875,0.5714397430419921875,0.688494026660919189453125,0.4465787410736083984375],"Material":"MetalBlock","Color":[0.749019622802734375,0.592156887054443359375,0.4823529422283172607421875],"Size":[0.7223758697509765625,0.577900707721710205078125,12.94497585296630859375]},{"Position":[58.96527099609375,55.666370391845703125,93.80724334716796875,0.571446120738983154296875,0.688490092754364013671875,0.446576595306396484375,0.62718164920806884765625,-0.015457893721759319305419921875,-0.77871954441070556640625,-0.529237568378448486328125,0.725080966949462890625,-0.44064176082611083984375],"Material":"MetalBlock","Color":[0.749019622802734375,0.592156887054443359375,0.4823529422283172607421875],"Size":[0.7223758697509765625,0.577900707721710205078125,12.94497585296630859375]},{"Position":[58.727691650390625,55.666339874267578125,99.38185882568359375,0.52925932407379150390625,-0.7250778675079345703125,0.44062077999114990234375,0.627169072628021240234375,-0.015432198531925678253173828125,-0.77873027324676513671875,0.5714397430419921875,0.688494026660919189453125,0.4465787410736083984375],"Material":"MetalBlock","Color":[0.749019622802734375,0.592156887054443359375,0.4823529422283172607421875],"Size":[0.7223758697509765625,0.577900707721710205078125,12.94497585296630859375]},{"Position":[58.9652099609375,55.666370391845703125,98.14147186279296875,0.571446120738983154296875,0.688490092754364013671875,0.446576595306396484375,0.62718164920806884765625,-0.015457893721759319305419921875,-0.77871954441070556640625,-0.529237568378448486328125,0.725080966949462890625,-0.44064176082611083984375],"Material":"MetalBlock","Color":[0.749019622802734375,0.592156887054443359375,0.4823529422283172607421875],"Size":[0.7223758697509765625,0.577900707721710205078125,12.94497585296630859375]},{"Position":[65.95135498046875,56.548633575439453125,81.28932952880859375,0.52925527095794677734375,-0.72504246234893798828125,0.44068372249603271484375,-0.627218723297119140625,0.01544355042278766632080078125,0.778690040111541748046875,-0.571389138698577880859375,-0.688530862331390380859375,-0.4465866386890411376953125],"Material":"MetalBlock","Color":[0.749019622802734375,0.592156887054443359375,0.4823529422283172607421875],"Size":[0.7223758697509765625,0.577900707721710205078125,12.94497585296630859375]},{"Position":[72.3121337890625,51.339893341064453125,84.37584686279296875,-1,0,0,0,-1,0,0,0,1],"Material":"MetalBlock","Color":[0.749019622802734375,0.592156887054443359375,0.4823529422283172607421875],"Size":[17.3370208740234375,0.8668510913848876953125,1.08356380462646484375]},{"Position":[69.406585693359375,56.548664093017578125,81.52678680419921875,-0.5714433193206787109375,-0.68850672245025634765625,-0.446554601192474365234375,-0.627179443836212158203125,0.01547711156308650970458984375,0.778721034526824951171875,-0.529243290424346923828125,0.725064754486083984375,-0.44066154956817626953125],"Material":"MetalBlock","Color":[0.749019622802734375,0.592156887054443359375,0.4823529422283172607421875],"Size":[0.7223758697509765625,0.577900707721710205078125,12.94497585296630859375]},{"Position":[74.4632568359375,56.548755645751953125,81.52678680419921875,-0.5714433193206787109375,-0.68850672245025634765625,-0.446554601192474365234375,-0.627179443836212158203125,0.01547711156308650970458984375,0.778721034526824951171875,-0.529243290424346923828125,0.725064754486083984375,-0.44066154956817626953125],"Material":"MetalBlock","Color":[0.749019622802734375,0.592156887054443359375,0.4823529422283172607421875],"Size":[0.7223758697509765625,0.577900707721710205078125,12.94497585296630859375]},{"Position":[74.2586669921875,56.548755645751953125,81.28932952880859375,0.52925527095794677734375,-0.72504246234893798828125,0.44068372249603271484375,-0.627218723297119140625,0.01544355042278766632080078125,0.778690040111541748046875,-0.571389138698577880859375,-0.688530862331390380859375,-0.4465866386890411376953125],"Material":"MetalBlock","Color":[0.749019622802734375,0.592156887054443359375,0.4823529422283172607421875],"Size":[0.7223758697509765625,0.577900707721710205078125,12.94497585296630859375]},{"Position":[70.285614013671875,56.548664093017578125,81.28929901123046875,0.52925527095794677734375,-0.72504246234893798828125,0.44068372249603271484375,-0.627218723297119140625,0.01544355042278766632080078125,0.778690040111541748046875,-0.571389138698577880859375,-0.688530862331390380859375,-0.4465866386890411376953125],"Material":"MetalBlock","Color":[0.749019622802734375,0.592156887054443359375,0.4823529422283172607421875],"Size":[0.7223758697509765625,0.577900707721710205078125,12.94497585296630859375]},{"Position":[82.56591796875,55.666461944580078125,94.68639373779296875,0.52925932407379150390625,-0.7250778675079345703125,0.44062077999114990234375,0.627169072628021240234375,-0.015432198531925678253173828125,-0.77873027324676513671875,0.5714397430419921875,0.688494026660919189453125,0.4465787410736083984375],"Material":"MetalBlock","Color":[0.749019622802734375,0.592156887054443359375,0.4823529422283172607421875],"Size":[0.7223758697509765625,0.577900707721710205078125,12.94497585296630859375]},{"Position":[82.803558349609375,55.666492462158203125,98.14141082763671875,0.571446120738983154296875,0.688490092754364013671875,0.446576595306396484375,0.62718164920806884765625,-0.015457893721759319305419921875,-0.77871954441070556640625,-0.529237568378448486328125,0.725080966949462890625,-0.44064176082611083984375],"Material":"MetalBlock","Color":[0.749019622802734375,0.592156887054443359375,0.4823529422283172607421875],"Size":[0.7223758697509765625,0.577900707721710205078125,12.94497585296630859375]},{"Position":[79.7166748046875,60.874988555908203125,91.78020477294921875,0,0,-1,0,1,0,1,0,0],"Material":"MetalBlock","Color":[0.749019622802734375,0.592156887054443359375,0.4823529422283172607421875],"Size":[17.3370208740234375,0.8668510913848876953125,1.08356380462646484375]},{"Position":[82.803497314453125,55.666461944580078125,93.80715179443359375,0.571446120738983154296875,0.688490092754364013671875,0.446576595306396484375,0.62718164920806884765625,-0.015457893721759319305419921875,-0.77871954441070556640625,-0.529237568378448486328125,0.725080966949462890625,-0.44064176082611083984375],"Material":"MetalBlock","Color":[0.749019622802734375,0.592156887054443359375,0.4823529422283172607421875],"Size":[0.7223758697509765625,0.577900707721710205078125,12.94497585296630859375]},{"Position":[82.803466796875,55.666431427001953125,89.83406829833984375,0.571446120738983154296875,0.688490092754364013671875,0.446576595306396484375,0.62718164920806884765625,-0.015457893721759319305419921875,-0.77871954441070556640625,-0.529237568378448486328125,0.725080966949462890625,-0.44064176082611083984375],"Material":"MetalBlock","Color":[0.749019622802734375,0.592156887054443359375,0.4823529422283172607421875],"Size":[0.7223758697509765625,0.577900707721710205078125,12.94497585296630859375]},{"Position":[82.566070556640625,55.666339874267578125,89.62975311279296875,0.52925932407379150390625,-0.7250778675079345703125,0.44062077999114990234375,0.627169072628021240234375,-0.015432198531925678253173828125,-0.77873027324676513671875,0.5714397430419921875,0.688494026660919189453125,0.4465787410736083984375],"Material":"MetalBlock","Color":[0.749019622802734375,0.592156887054443359375,0.4823529422283172607421875],"Size":[0.7223758697509765625,0.577900707721710205078125,12.94497585296630859375]},{"Position":[65.951416015625,56.548664093017578125,105.12773895263671875,0.52925527095794677734375,-0.72504246234893798828125,0.44068372249603271484375,-0.627218723297119140625,0.01544355042278766632080078125,0.778690040111541748046875,-0.571389138698577880859375,-0.688530862331390380859375,-0.4465866386890411376953125],"Material":"MetalBlock","Color":[0.749019622802734375,0.592156887054443359375,0.4823529422283172607421875],"Size":[0.7223758697509765625,0.577900707721710205078125,12.94497585296630859375]},{"Position":[69.40643310546875,56.548755645751953125,105.36516571044921875,-0.5714433193206787109375,-0.68850672245025634765625,-0.446554601192474365234375,-0.627179443836212158203125,0.01547711156308650970458984375,0.778721034526824951171875,-0.529243290424346923828125,0.725064754486083984375,-0.44066154956817626953125],"Material":"MetalBlock","Color":[0.749019622802734375,0.592156887054443359375,0.4823529422283172607421875],"Size":[0.7223758697509765625,0.577900707721710205078125,12.94497585296630859375]},{"Position":[70.28570556640625,56.548694610595703125,105.12770843505859375,0.52925527095794677734375,-0.72504246234893798828125,0.44068372249603271484375,-0.627218723297119140625,0.01544355042278766632080078125,0.778690040111541748046875,-0.571389138698577880859375,-0.688530862331390380859375,-0.4465866386890411376953125],"Material":"MetalBlock","Color":[0.749019622802734375,0.592156887054443359375,0.4823529422283172607421875],"Size":[0.7223758697509765625,0.577900707721710205078125,12.94497585296630859375]},{"Position":[72.312164306640625,51.339954376220703125,108.21428680419921875,-1,0,0,0,-1,0,0,0,1],"Material":"MetalBlock","Color":[0.749019622802734375,0.592156887054443359375,0.4823529422283172607421875],"Size":[17.3370208740234375,0.8668510913848876953125,1.08356380462646484375]},{"Position":[74.258819580078125,56.548786163330078125,105.12773895263671875,0.52925527095794677734375,-0.72504246234893798828125,0.44068372249603271484375,-0.627218723297119140625,0.01544355042278766632080078125,0.778690040111541748046875,-0.571389138698577880859375,-0.688530862331390380859375,-0.4465866386890411376953125],"Material":"MetalBlock","Color":[0.749019622802734375,0.592156887054443359375,0.4823529422283172607421875],"Size":[0.7223758697509765625,0.577900707721710205078125,12.94497585296630859375]},{"Position":[74.463043212890625,56.548755645751953125,105.36522674560546875,-0.5714433193206787109375,-0.68850672245025634765625,-0.446554601192474365234375,-0.627179443836212158203125,0.01547711156308650970458984375,0.778721034526824951171875,-0.529243290424346923828125,0.725064754486083984375,-0.44066154956817626953125],"Material":"MetalBlock","Color":[0.749019622802734375,0.592156887054443359375,0.4823529422283172607421875],"Size":[0.7223758697509765625,0.577900707721710205078125,12.94497585296630859375]},{"Position":[64.74407958984375,45.264545440673828125,95.61312103271484375,0.571446120738983154296875,0.688490092754364013671875,0.446576595306396484375,0.62718164920806884765625,-0.015457893721759319305419921875,-0.77871954441070556640625,-0.529237568378448486328125,0.725080966949462890625,-0.44064176082611083984375],"Material":"MetalBlock","Color":[0.749019622802734375,0.592156887054443359375,0.4823529422283172607421875],"Size":[0.7223758697509765625,0.577900707721710205078125,12.94497585296630859375]},{"Position":[64.506561279296875,45.264545440673828125,95.40886688232421875,0.52925932407379150390625,-0.7250778675079345703125,0.44062077999114990234375,0.627169072628021240234375,-0.015432198531925678253173828125,-0.77873027324676513671875,0.5714397430419921875,0.688494026660919189453125,0.4465787410736083984375],"Material":"MetalBlock","Color":[0.749019622802734375,0.592156887054443359375,0.4823529422283172607421875],"Size":[0.7223758697509765625,0.577900707721710205078125,12.94497585296630859375]},{"Position":[64.506561279296875,45.264453887939453125,100.46550750732421875,0.52925932407379150390625,-0.7250778675079345703125,0.44062077999114990234375,0.627169072628021240234375,-0.015432198531925678253173828125,-0.77873027324676513671875,0.5714397430419921875,0.688494026660919189453125,0.4465787410736083984375],"Material":"MetalBlock","Color":[0.749019622802734375,0.592156887054443359375,0.4823529422283172607421875],"Size":[0.7223758697509765625,0.577900707721710205078125,12.94497585296630859375]},{"Position":[64.744140625,45.264514923095703125,99.58617401123046875,0.571446120738983154296875,0.688490092754364013671875,0.446576595306396484375,0.62718164920806884765625,-0.015457893721759319305419921875,-0.77871954441070556640625,-0.529237568378448486328125,0.725080966949462890625,-0.44064176082611083984375],"Material":"MetalBlock","Color":[0.749019622802734375,0.592156887054443359375,0.4823529422283172607421875],"Size":[0.7223758697509765625,0.577900707721710205078125,12.94497585296630859375]},{"Position":[64.506591796875,45.264575958251953125,105.16088104248046875,0.52925932407379150390625,-0.7250778675079345703125,0.44062077999114990234375,0.627169072628021240234375,-0.015432198531925678253173828125,-0.77873027324676513671875,0.5714397430419921875,0.688494026660919189453125,0.4465787410736083984375],"Material":"MetalBlock","Color":[0.749019622802734375,0.592156887054443359375,0.4823529422283172607421875],"Size":[0.7223758697509765625,0.577900707721710205078125,12.94497585296630859375]},{"Position":[64.743988037109375,45.264606475830078125,103.92043304443359375,0.571446120738983154296875,0.688490092754364013671875,0.446576595306396484375,0.62718164920806884765625,-0.015457893721759319305419921875,-0.77871954441070556640625,-0.529237568378448486328125,0.725080966949462890625,-0.44064176082611083984375],"Material":"MetalBlock","Color":[0.749019622802734375,0.592156887054443359375,0.4823529422283172607421875],"Size":[0.7223758697509765625,0.577900707721710205078125,12.94497585296630859375]},{"Position":[71.73040771484375,46.146900177001953125,87.06829071044921875,0.52925527095794677734375,-0.72504246234893798828125,0.44068372249603271484375,-0.627218723297119140625,0.01544355042278766632080078125,0.778690040111541748046875,-0.571389138698577880859375,-0.688530862331390380859375,-0.4465866386890411376953125],"Material":"MetalBlock","Color":[0.749019622802734375,0.592156887054443359375,0.4823529422283172607421875],"Size":[0.7223758697509765625,0.577900707721710205078125,12.94497585296630859375]},{"Position":[78.09112548828125,40.937885284423828125,90.15489959716796875,-1,0,0,0,-1,0,0,0,1],"Material":"MetalBlock","Color":[0.749019622802734375,0.592156887054443359375,0.4823529422283172607421875],"Size":[17.3370208740234375,0.8668510913848876953125,1.08356380462646484375]},{"Position":[75.185394287109375,46.146808624267578125,87.30577850341796875,-0.5714433193206787109375,-0.68850672245025634765625,-0.446554601192474365234375,-0.627179443836212158203125,0.01547711156308650970458984375,0.778721034526824951171875,-0.529243290424346923828125,0.725064754486083984375,-0.44066154956817626953125],"Material":"MetalBlock","Color":[0.749019622802734375,0.592156887054443359375,0.4823529422283172607421875],"Size":[0.7223758697509765625,0.577900707721710205078125,12.94497585296630859375]},{"Position":[80.241943359375,46.146747589111328125,87.30577850341796875,-0.5714433193206787109375,-0.68850672245025634765625,-0.446554601192474365234375,-0.627179443836212158203125,0.01547711156308650970458984375,0.778721034526824951171875,-0.529243290424346923828125,0.725064754486083984375,-0.44066154956817626953125],"Material":"MetalBlock","Color":[0.749019622802734375,0.592156887054443359375,0.4823529422283172607421875],"Size":[0.7223758697509765625,0.577900707721710205078125,12.94497585296630859375]},{"Position":[80.037628173828125,46.146747589111328125,87.06829071044921875,0.52925527095794677734375,-0.72504246234893798828125,0.44068372249603271484375,-0.627218723297119140625,0.01544355042278766632080078125,0.778690040111541748046875,-0.571389138698577880859375,-0.688530862331390380859375,-0.4465866386890411376953125],"Material":"MetalBlock","Color":[0.749019622802734375,0.592156887054443359375,0.4823529422283172607421875],"Size":[0.7223758697509765625,0.577900707721710205078125,12.94497585296630859375]},{"Position":[76.064544677734375,46.146808624267578125,87.06826019287109375,0.52925527095794677734375,-0.72504246234893798828125,0.44068372249603271484375,-0.627218723297119140625,0.01544355042278766632080078125,0.778690040111541748046875,-0.571389138698577880859375,-0.688530862331390380859375,-0.4465866386890411376953125],"Material":"MetalBlock","Color":[0.749019622802734375,0.592156887054443359375,0.4823529422283172607421875],"Size":[0.7223758697509765625,0.577900707721710205078125,12.94497585296630859375]},{"Position":[88.344879150390625,45.264698028564453125,100.46535491943359375,0.52925932407379150390625,-0.7250778675079345703125,0.44062077999114990234375,0.627169072628021240234375,-0.015432198531925678253173828125,-0.77873027324676513671875,0.5714397430419921875,0.688494026660919189453125,0.4465787410736083984375],"Material":"MetalBlock","Color":[0.749019622802734375,0.592156887054443359375,0.4823529422283172607421875],"Size":[0.7223758697509765625,0.577900707721710205078125,12.94497585296630859375]},{"Position":[88.582305908203125,45.264728546142578125,103.92034149169921875,0.571446120738983154296875,0.688490092754364013671875,0.446576595306396484375,0.62718164920806884765625,-0.015457893721759319305419921875,-0.77871954441070556640625,-0.529237568378448486328125,0.725080966949462890625,-0.44064176082611083984375],"Material":"MetalBlock","Color":[0.749019622802734375,0.592156887054443359375,0.4823529422283172607421875],"Size":[0.7223758697509765625,0.577900707721710205078125,12.94497585296630859375]},{"Position":[85.495361328125,50.473072052001953125,97.55919647216796875,0,0,-1,0,1,0,1,0,0],"Material":"MetalBlock","Color":[0.749019622802734375,0.592156887054443359375,0.4823529422283172607421875],"Size":[17.3370208740234375,0.8668510913848876953125,1.08356380462646484375]},{"Position":[88.582427978515625,45.264667510986328125,99.58611297607421875,0.571446120738983154296875,0.688490092754364013671875,0.446576595306396484375,0.62718164920806884765625,-0.015457893721759319305419921875,-0.77871954441070556640625,-0.529237568378448486328125,0.725080966949462890625,-0.44064176082611083984375],"Material":"MetalBlock","Color":[0.749019622802734375,0.592156887054443359375,0.4823529422283172607421875],"Size":[0.7223758697509765625,0.577900707721710205078125,12.94497585296630859375]},{"Position":[88.582305908203125,45.264636993408203125,95.61302947998046875,0.571446120738983154296875,0.688490092754364013671875,0.446576595306396484375,0.62718164920806884765625,-0.015457893721759319305419921875,-0.77871954441070556640625,-0.529237568378448486328125,0.725080966949462890625,-0.44064176082611083984375],"Material":"MetalBlock","Color":[0.749019622802734375,0.592156887054443359375,0.4823529422283172607421875],"Size":[0.7223758697509765625,0.577900707721710205078125,12.94497585296630859375]},{"Position":[88.3448486328125,45.264636993408203125,95.40874481201171875,0.52925932407379150390625,-0.7250778675079345703125,0.44062077999114990234375,0.627169072628021240234375,-0.015432198531925678253173828125,-0.77873027324676513671875,0.5714397430419921875,0.688494026660919189453125,0.4465787410736083984375],"Material":"MetalBlock","Color":[0.749019622802734375,0.592156887054443359375,0.4823529422283172607421875],"Size":[0.7223758697509765625,0.577900707721710205078125,12.94497585296630859375]},{"Position":[71.730438232421875,46.146930694580078125,110.90673065185546875,0.52925527095794677734375,-0.72504246234893798828125,0.44068372249603271484375,-0.627218723297119140625,0.01544355042278766632080078125,0.778690040111541748046875,-0.571389138698577880859375,-0.688530862331390380859375,-0.4465866386890411376953125],"Material":"MetalBlock","Color":[0.749019622802734375,0.592156887054443359375,0.4823529422283172607421875],"Size":[0.7223758697509765625,0.577900707721710205078125,12.94497585296630859375]},{"Position":[75.18548583984375,46.146869659423828125,111.14418792724609375,-0.5714433193206787109375,-0.68850672245025634765625,-0.446554601192474365234375,-0.627179443836212158203125,0.01547711156308650970458984375,0.778721034526824951171875,-0.529243290424346923828125,0.725064754486083984375,-0.44066154956817626953125],"Material":"MetalBlock","Color":[0.749019622802734375,0.592156887054443359375,0.4823529422283172607421875],"Size":[0.7223758697509765625,0.577900707721710205078125,12.94497585296630859375]},{"Position":[76.064697265625,46.146839141845703125,110.90666961669921875,0.52925527095794677734375,-0.72504246234893798828125,0.44068372249603271484375,-0.627218723297119140625,0.01544355042278766632080078125,0.778690040111541748046875,-0.571389138698577880859375,-0.688530862331390380859375,-0.4465866386890411376953125],"Material":"MetalBlock","Color":[0.749019622802734375,0.592156887054443359375,0.4823529422283172607421875],"Size":[0.7223758697509765625,0.577900707721710205078125,12.94497585296630859375]},{"Position":[78.09112548828125,40.937915802001953125,113.99324798583984375,-1,0,0,0,-1,0,0,0,1],"Material":"MetalBlock","Color":[0.749019622802734375,0.592156887054443359375,0.4823529422283172607421875],"Size":[17.3370208740234375,0.8668510913848876953125,1.08356380462646484375]},{"Position":[80.0377197265625,46.146961212158203125,110.90673065185546875,0.52925527095794677734375,-0.72504246234893798828125,0.44068372249603271484375,-0.627218723297119140625,0.01544355042278766632080078125,0.778690040111541748046875,-0.571389138698577880859375,-0.688530862331390380859375,-0.4465866386890411376953125],"Material":"MetalBlock","Color":[0.749019622802734375,0.592156887054443359375,0.4823529422283172607421875],"Size":[0.7223758697509765625,0.577900707721710205078125,12.94497585296630859375]},{"Position":[80.241943359375,46.146961212158203125,111.14415740966796875,-0.5714433193206787109375,-0.68850672245025634765625,-0.446554601192474365234375,-0.627179443836212158203125,0.01547711156308650970458984375,0.778721034526824951171875,-0.529243290424346923828125,0.725064754486083984375,-0.44066154956817626953125],"Material":"MetalBlock","Color":[0.749019622802734375,0.592156887054443359375,0.4823529422283172607421875],"Size":[0.7223758697509765625,0.577900707721710205078125,12.94497585296630859375]},{"Position":[70.161956787109375,34.862689971923828125,101.39205169677734375,0.571446120738983154296875,0.688490092754364013671875,0.446576595306396484375,0.62718164920806884765625,-0.015457893721759319305419921875,-0.77871954441070556640625,-0.529237568378448486328125,0.725080966949462890625,-0.44064176082611083984375],"Material":"MetalBlock","Color":[0.749019622802734375,0.592156887054443359375,0.4823529422283172607421875],"Size":[0.7223758697509765625,0.577900707721710205078125,12.94497585296630859375]},{"Position":[69.924468994140625,34.862720489501953125,101.18773651123046875,0.52925932407379150390625,-0.7250778675079345703125,0.44062077999114990234375,0.627169072628021240234375,-0.015432198531925678253173828125,-0.77873027324676513671875,0.5714397430419921875,0.688494026660919189453125,0.4465787410736083984375],"Material":"MetalBlock","Color":[0.749019622802734375,0.592156887054443359375,0.4823529422283172607421875],"Size":[0.7223758697509765625,0.577900707721710205078125,12.94497585296630859375]},{"Position":[69.92431640625,34.862689971923828125,106.24437713623046875,0.52925932407379150390625,-0.7250778675079345703125,0.44062077999114990234375,0.627169072628021240234375,-0.015432198531925678253173828125,-0.77873027324676513671875,0.5714397430419921875,0.688494026660919189453125,0.4465787410736083984375],"Material":"MetalBlock","Color":[0.749019622802734375,0.592156887054443359375,0.4823529422283172607421875],"Size":[0.7223758697509765625,0.577900707721710205078125,12.94497585296630859375]},{"Position":[70.161834716796875,34.862689971923828125,105.36513519287109375,0.571446120738983154296875,0.688490092754364013671875,0.446576595306396484375,0.62718164920806884765625,-0.015457893721759319305419921875,-0.77871954441070556640625,-0.529237568378448486328125,0.725080966949462890625,-0.44064176082611083984375],"Material":"MetalBlock","Color":[0.749019622802734375,0.592156887054443359375,0.4823529422283172607421875],"Size":[0.7223758697509765625,0.577900707721710205078125,12.94497585296630859375]},{"Position":[69.92425537109375,34.862659454345703125,110.93981170654296875,0.52925932407379150390625,-0.7250778675079345703125,0.44062077999114990234375,0.627169072628021240234375,-0.015432198531925678253173828125,-0.77873027324676513671875,0.5714397430419921875,0.688494026660919189453125,0.4465787410736083984375],"Material":"MetalBlock","Color":[0.749019622802734375,0.592156887054443359375,0.4823529422283172607421875],"Size":[0.7223758697509765625,0.577900707721710205078125,12.94497585296630859375]},{"Position":[70.161865234375,34.862689971923828125,109.69936370849609375,0.571446120738983154296875,0.688490092754364013671875,0.446576595306396484375,0.62718164920806884765625,-0.015457893721759319305419921875,-0.77871954441070556640625,-0.529237568378448486328125,0.725080966949462890625,-0.44064176082611083984375],"Material":"MetalBlock","Color":[0.749019622802734375,0.592156887054443359375,0.4823529422283172607421875],"Size":[0.7223758697509765625,0.577900707721710205078125,12.94497585296630859375]},{"Position":[77.1480712890625,35.744922637939453125,92.84728240966796875,0.52925527095794677734375,-0.72504246234893798828125,0.44068372249603271484375,-0.627218723297119140625,0.01544355042278766632080078125,0.778690040111541748046875,-0.571389138698577880859375,-0.688530862331390380859375,-0.4465866386890411376953125],"Material":"MetalBlock","Color":[0.749019622802734375,0.592156887054443359375,0.4823529422283172607421875],"Size":[0.7223758697509765625,0.577900707721710205078125,12.94497585296630859375]},{"Position":[83.508941650390625,30.535785675048828125,95.93386077880859375,-1,0,0,0,-1,0,0,0,1],"Material":"MetalBlock","Color":[0.749019622802734375,0.592156887054443359375,0.4823529422283172607421875],"Size":[17.3370208740234375,0.8668510913848876953125,1.08356380462646484375]},{"Position":[80.6031494140625,35.744983673095703125,93.08470916748046875,-0.5714433193206787109375,-0.68850672245025634765625,-0.446554601192474365234375,-0.627179443836212158203125,0.01547711156308650970458984375,0.778721034526824951171875,-0.529243290424346923828125,0.725064754486083984375,-0.44066154956817626953125],"Material":"MetalBlock","Color":[0.749019622802734375,0.592156887054443359375,0.4823529422283172607421875],"Size":[0.7223758697509765625,0.577900707721710205078125,12.94497585296630859375]},{"Position":[85.659698486328125,35.744983673095703125,93.08477020263671875,-0.5714433193206787109375,-0.68850672245025634765625,-0.446554601192474365234375,-0.627179443836212158203125,0.01547711156308650970458984375,0.778721034526824951171875,-0.529243290424346923828125,0.725064754486083984375,-0.44066154956817626953125],"Material":"MetalBlock","Color":[0.749019622802734375,0.592156887054443359375,0.4823529422283172607421875],"Size":[0.7223758697509765625,0.577900707721710205078125,12.94497585296630859375]},{"Position":[85.455413818359375,35.744922637939453125,92.84722137451171875,0.52925527095794677734375,-0.72504246234893798828125,0.44068372249603271484375,-0.627218723297119140625,0.01544355042278766632080078125,0.778690040111541748046875,-0.571389138698577880859375,-0.688530862331390380859375,-0.4465866386890411376953125],"Material":"MetalBlock","Color":[0.749019622802734375,0.592156887054443359375,0.4823529422283172607421875],"Size":[0.7223758697509765625,0.577900707721710205078125,12.94497585296630859375]},{"Position":[81.482330322265625,35.744983673095703125,92.84728240966796875,0.52925527095794677734375,-0.72504246234893798828125,0.44068372249603271484375,-0.627218723297119140625,0.01544355042278766632080078125,0.778690040111541748046875,-0.571389138698577880859375,-0.688530862331390380859375,-0.4465866386890411376953125],"Material":"MetalBlock","Color":[0.749019622802734375,0.592156887054443359375,0.4823529422283172607421875],"Size":[0.7223758697509765625,0.577900707721710205078125,12.94497585296630859375]},{"Position":[93.76263427734375,34.862873077392578125,106.24437713623046875,0.52925932407379150390625,-0.7250778675079345703125,0.44062077999114990234375,0.627169072628021240234375,-0.015432198531925678253173828125,-0.77873027324676513671875,0.5714397430419921875,0.688494026660919189453125,0.4465787410736083984375],"Material":"MetalBlock","Color":[0.749019622802734375,0.592156887054443359375,0.4823529422283172607421875],"Size":[0.7223758697509765625,0.577900707721710205078125,12.94497585296630859375]},{"Position":[94.00006103515625,34.862842559814453125,109.69936370849609375,0.571446120738983154296875,0.688490092754364013671875,0.446576595306396484375,0.62718164920806884765625,-0.015457893721759319305419921875,-0.77871954441070556640625,-0.529237568378448486328125,0.725080966949462890625,-0.44064176082611083984375],"Material":"MetalBlock","Color":[0.749019622802734375,0.592156887054443359375,0.4823529422283172607421875],"Size":[0.7223758697509765625,0.577900707721710205078125,12.94497585296630859375]},{"Position":[90.913238525390625,40.071002960205078125,103.33821868896484375,0,0,-1,0,1,0,1,0,0],"Material":"MetalBlock","Color":[0.749019622802734375,0.592156887054443359375,0.4823529422283172607421875],"Size":[17.3370208740234375,0.8668510913848876953125,1.08356380462646484375]},{"Position":[94.000244140625,34.862781524658203125,105.36510467529296875,0.571446120738983154296875,0.688490092754364013671875,0.446576595306396484375,0.62718164920806884765625,-0.015457893721759319305419921875,-0.77871954441070556640625,-0.529237568378448486328125,0.725080966949462890625,-0.44064176082611083984375],"Material":"MetalBlock","Color":[0.749019622802734375,0.592156887054443359375,0.4823529422283172607421875],"Size":[0.7223758697509765625,0.577900707721710205078125,12.94497585296630859375]},{"Position":[94.000152587890625,34.862842559814453125,101.39205169677734375,0.571446120738983154296875,0.688490092754364013671875,0.446576595306396484375,0.62718164920806884765625,-0.015457893721759319305419921875,-0.77871954441070556640625,-0.529237568378448486328125,0.725080966949462890625,-0.44064176082611083984375],"Material":"MetalBlock","Color":[0.749019622802734375,0.592156887054443359375,0.4823529422283172607421875],"Size":[0.7223758697509765625,0.577900707721710205078125,12.94497585296630859375]},{"Position":[93.762603759765625,34.862842559814453125,101.18770599365234375,0.52925932407379150390625,-0.7250778675079345703125,0.44062077999114990234375,0.627169072628021240234375,-0.015432198531925678253173828125,-0.77873027324676513671875,0.5714397430419921875,0.688494026660919189453125,0.4465787410736083984375],"Material":"MetalBlock","Color":[0.749019622802734375,0.592156887054443359375,0.4823529422283172607421875],"Size":[0.7223758697509765625,0.577900707721710205078125,12.94497585296630859375]},{"Position":[75.90771484375,35.745075225830078125,116.92314910888671875,-0.5714433193206787109375,-0.68850672245025634765625,-0.446554601192474365234375,-0.627179443836212158203125,0.01547711156308650970458984375,0.778721034526824951171875,-0.529243290424346923828125,0.725064754486083984375,-0.44066154956817626953125],"Material":"MetalBlock","Color":[0.749019622802734375,0.592156887054443359375,0.4823529422283172607421875],
